  -3.4000000e-08   1.0000000e-10
  -3.3900000e-08   1.0000000e-10
  -3.3800000e-08   1.0000000e-10
  -3.3700000e-08   1.0000000e-10
  -3.3600000e-08   1.0000000e-10
  -3.3500000e-08   1.0000000e-10
  -3.3400000e-08   1.0000000e-10
  -3.3300000e-08   1.0000000e-10
  -3.3200000e-08   1.0000000e-10
  -3.3100000e-08   1.0000000e-10
  -3.3000000e-08   1.0000000e-10
  -3.2900000e-08   1.0000000e-10
  -3.2800000e-08   1.0000000e-10
  -3.2700000e-08   1.0000000e-10
  -3.2600000e-08   1.0000000e-10
  -3.2500000e-08   1.0000000e-10
  -3.2400000e-08   1.0000000e-10
  -3.2300000e-08   1.0000000e-10
  -3.2200000e-08   1.0000000e-10
  -3.2100000e-08   1.0000000e-10
  -3.2000000e-08   1.0000000e-10
  -3.1900000e-08   1.0000000e-10
  -3.1800000e-08   1.0000000e-10
  -3.1700000e-08   1.0000000e-10
  -3.1600000e-08   1.0000000e-10
  -3.1500000e-08   1.0000000e-10
  -3.1400000e-08   1.0000000e-10
  -3.1300000e-08   1.0000000e-10
  -3.1200000e-08   1.0000000e-10
  -3.1100000e-08   1.0000000e-10
  -3.1000000e-08   1.0000000e-10
  -3.0900000e-08   1.0000000e-10
  -3.0800000e-08   1.0000000e-10
  -3.0700000e-08   1.0000000e-10
  -3.0600000e-08   1.0000000e-10
  -3.0500000e-08   1.0000000e-10
  -3.0400000e-08   1.0000000e-10
  -3.0300000e-08   1.0000000e-10
  -3.0200000e-08   1.0000000e-10
  -3.0100000e-08   1.0000000e-10
  -3.0000000e-08   1.0000000e-10
  -2.9900000e-08   1.0000000e-10
  -2.9800000e-08   1.0000000e-10
  -2.9700000e-08   1.0000000e-10
  -2.9600000e-08   1.0000000e-10
  -2.9500000e-08   1.0000000e-10
  -2.9400000e-08   1.0000000e-10
  -2.9300000e-08   1.0000000e-10
  -2.9200000e-08   1.0000000e-10
  -2.9100000e-08   1.0000000e-10
  -2.9000000e-08   1.0000000e-10
  -2.8900000e-08   1.0000000e-10
  -2.8800000e-08   1.0000000e-10
  -2.8700000e-08   1.0000000e-10
  -2.8600000e-08   1.0000000e-10
  -2.8500000e-08   1.0000000e-10
  -2.8400000e-08   1.0000000e-10
  -2.8300000e-08   1.0000000e-10
  -2.8200000e-08   1.0000000e-10
  -2.8100000e-08   1.0000000e-10
  -2.8000000e-08   1.0000000e-10
  -2.7900000e-08   1.0000000e-10
  -2.7800000e-08   1.0000000e-10
  -2.7700000e-08   1.0000000e-10
  -2.7600000e-08   1.0000000e-10
  -2.7500000e-08   1.0000000e-10
  -2.7400000e-08   1.0000000e-10
  -2.7300000e-08   1.0000000e-10
  -2.7200000e-08   1.0000000e-10
  -2.7100000e-08   1.0000000e-10
  -2.7000000e-08   1.0000000e-10
  -2.6900000e-08   1.0000000e-10
  -2.6800000e-08   1.0000000e-10
  -2.6700000e-08   1.0000000e-10
  -2.6600000e-08   1.0000000e-10
  -2.6500000e-08   1.0000000e-10
  -2.6400000e-08   1.0000000e-10
  -2.6300000e-08   1.0000000e-10
  -2.6200000e-08   1.0000000e-10
  -2.6100000e-08   1.0000000e-10
  -2.6000000e-08   1.0000000e-10
  -2.5900000e-08   1.0000000e-10
  -2.5800000e-08   1.0000000e-10
  -2.5700000e-08   1.0000000e-10
  -2.5600000e-08   1.0000000e-10
  -2.5500000e-08   1.0000000e-10
  -2.5400000e-08   1.0000000e-10
  -2.5300000e-08   1.0000000e-10
  -2.5200000e-08   1.0000000e-10
  -2.5100000e-08   1.0000000e-10
  -2.5000000e-08   1.0000000e-10
  -2.4900000e-08   1.0000000e-10
  -2.4800000e-08   1.0000000e-10
  -2.4700000e-08   1.0000000e-10
  -2.4600000e-08   1.0000000e-10
  -2.4500000e-08   1.0000000e-10
  -2.4400000e-08   1.0000000e-10
  -2.4300000e-08   1.0000000e-10
  -2.4200000e-08   1.0000000e-10
  -2.4100000e-08   1.0000000e-10
  -2.4000000e-08   1.0000000e-10
  -2.3900000e-08   1.0000000e-10
  -2.3800000e-08   1.0000000e-10
  -2.3700000e-08   1.0000000e-10
  -2.3600000e-08   1.0000000e-10
  -2.3500000e-08   1.0000000e-10
  -2.3400000e-08   1.0000000e-10
  -2.3300000e-08   1.0000000e-10
  -2.3200000e-08   1.0000000e-10
  -2.3100000e-08   1.0000000e-10
  -2.3000000e-08   1.0000000e-10
  -2.2900000e-08   1.0000000e-10
  -2.2800000e-08   1.0000000e-10
  -2.2700000e-08   1.0000000e-10
  -2.2600000e-08   1.0000000e-10
  -2.2500000e-08   1.0000000e-10
  -2.2400000e-08   1.0000000e-10
  -2.2300000e-08   1.0000000e-10
  -2.2200000e-08   1.0000000e-10
  -2.2100000e-08   1.0000000e-10
  -2.2000000e-08   1.0000000e-10
  -2.1900000e-08   1.0000000e-10
  -2.1800000e-08   1.0000000e-10
  -2.1700000e-08   1.0000000e-10
  -2.1600000e-08   1.0000000e-10
  -2.1500000e-08   1.0000000e-10
  -2.1400000e-08   1.0000000e-10
  -2.1300000e-08   1.0000000e-10
  -2.1200000e-08   1.0000000e-10
  -2.1100000e-08   1.0000000e-10
  -2.1000000e-08   1.0000000e-10
  -2.0900000e-08   1.0000000e-10
  -2.0800000e-08   1.0000000e-10
  -2.0700000e-08   1.0000000e-10
  -2.0600000e-08   1.0000000e-10
  -2.0500000e-08   1.0000000e-10
  -2.0400000e-08   1.0000000e-10
  -2.0300000e-08   1.0000000e-10
  -2.0200000e-08   1.0000000e-10
  -2.0100000e-08   1.0000000e-10
  -2.0000000e-08   1.0000000e-10
  -1.9900000e-08   1.0000000e-10
  -1.9800000e-08   1.0000000e-10
  -1.9700000e-08   1.0000000e-10
  -1.9600000e-08   1.0000000e-10
  -1.9500000e-08   1.0000000e-10
  -1.9400000e-08   1.0000000e-10
  -1.9300000e-08   1.0000000e-10
  -1.9200000e-08   1.0000000e-10
  -1.9100000e-08   1.0000000e-10
  -1.9000000e-08   1.0000000e-10
  -1.8900000e-08   1.0000000e-10
  -1.8800000e-08   1.0000000e-10
  -1.8700000e-08   1.0000000e-10
  -1.8600000e-08   1.0000000e-10
  -1.8500000e-08   1.0000000e-10
  -1.8400000e-08   1.0000000e-10
  -1.8300000e-08   1.0000000e-10
  -1.8200000e-08   1.0000000e-10
  -1.8100000e-08   1.0000000e-10
  -1.8000000e-08   1.0000000e-10
  -1.7900000e-08   1.0000000e-10
  -1.7800000e-08   1.0000000e-10
  -1.7700000e-08   1.0000000e-10
  -1.7600000e-08   1.0000000e-10
  -1.7500000e-08   1.0000000e-10
  -1.7400000e-08   1.0000000e-10
  -1.7300000e-08   1.0000000e-10
  -1.7200000e-08   1.0000000e-10
  -1.7100000e-08   1.0000000e-10
  -1.7000000e-08   1.0000000e-10
  -1.6900000e-08   1.0000000e-10
  -1.6800000e-08   1.0000000e-10
  -1.6700000e-08   1.0000000e-10
  -1.6600000e-08   1.0000000e-10
  -1.6500000e-08   1.0000000e-10
  -1.6400000e-08   1.0000000e-10
  -1.6300000e-08   1.0000000e-10
  -1.6200000e-08   1.0000000e-10
  -1.6100000e-08   1.0000000e-10
  -1.6000000e-08   1.0000000e-10
  -1.5900000e-08   1.0000000e-10
  -1.5800000e-08   1.0000000e-10
  -1.5700000e-08   1.0000000e-10
  -1.5600000e-08   1.0000000e-10
  -1.5500000e-08   1.0000000e-10
  -1.5400000e-08   1.0000000e-10
  -1.5300000e-08   1.0000000e-10
  -1.5200000e-08   1.0000000e-10
  -1.5100000e-08   1.0000000e-10
  -1.5000000e-08   1.0000000e-10
  -1.4900000e-08   1.0000000e-10
  -1.4800000e-08   1.0000000e-10
  -1.4700000e-08   1.0000000e-10
  -1.4600000e-08   1.0000000e-10
  -1.4500000e-08   1.0000000e-10
  -1.4400000e-08   1.0000000e-10
  -1.4300000e-08   1.0000000e-10
  -1.4200000e-08   1.0000000e-10
  -1.4100000e-08   1.0000000e-10
  -1.4000000e-08   1.0000000e-10
  -1.3900000e-08   1.0000000e-10
  -1.3800000e-08   1.0000000e-10
  -1.3700000e-08   1.0000000e-10
  -1.3600000e-08   1.0000000e-10
  -1.3500000e-08   1.0000000e-10
  -1.3400000e-08   1.0000000e-10
  -1.3300000e-08   1.0000000e-10
  -1.3200000e-08   1.0000000e-10
  -1.3100000e-08   1.0000000e-10
  -1.3000000e-08   1.0000000e-10
  -1.2900000e-08   1.0000000e-10
  -1.2800000e-08   1.0000000e-10
  -1.2700000e-08   1.0000000e-10
  -1.2600000e-08   1.0000000e-10
  -1.2500000e-08   1.0000000e-10
  -1.2400000e-08   1.0000000e-10
  -1.2300000e-08   1.0000000e-10
  -1.2200000e-08   1.0000000e-10
  -1.2100000e-08   1.0000000e-10
  -1.2000000e-08   1.0000000e-10
  -1.1900000e-08   1.0000000e-10
  -1.1800000e-08   1.0000000e-10
  -1.1700000e-08   1.0000000e-10
  -1.1600000e-08   1.0000000e-10
  -1.1500000e-08   1.0000000e-10
  -1.1400000e-08   1.0000000e-10
  -1.1300000e-08   1.0000000e-10
  -1.1200000e-08   1.0000000e-10
  -1.1100000e-08   1.0000000e-10
  -1.1000000e-08   1.0000000e-10
  -1.0900000e-08   1.0000000e-10
  -1.0800000e-08   1.0000000e-10
  -1.0700000e-08   1.0000000e-10
  -1.0600000e-08   1.0000000e-10
  -1.0500000e-08   1.0000000e-10
  -1.0400000e-08   1.0000000e-10
  -1.0300000e-08   1.0000000e-10
  -1.0200000e-08   1.0000000e-10
  -1.0100000e-08   1.0000000e-10
  -1.0000000e-08   1.0000000e-10
  -9.9000000e-09   1.0000000e-10
  -9.8000000e-09   1.0000000e-10
  -9.7000000e-09   1.0000000e-10
  -9.6000000e-09   1.0000000e-10
  -9.5000000e-09   1.0000000e-10
  -9.4000000e-09   1.0000000e-10
  -9.3000000e-09   1.0000000e-10
  -9.2000000e-09   1.0000000e-10
  -9.1000000e-09   1.0000000e-10
  -9.0000000e-09   1.0000000e-10
  -8.9000000e-09   1.0000000e-10
  -8.8000000e-09   1.0000000e-10
  -8.7000000e-09   1.0000000e-10
  -8.6000000e-09   1.0000000e-10
  -8.5000000e-09   1.0000000e-10
  -8.4000000e-09   1.0000000e-10
  -8.3000000e-09   1.0000000e-10
  -8.2000000e-09   1.0000000e-10
  -8.1000000e-09   1.0000000e-10
  -8.0000000e-09   1.0000000e-10
  -7.9000000e-09   1.0000000e-10
  -7.8000000e-09   1.0000000e-10
  -7.7000000e-09   1.0000000e-10
  -7.6000000e-09   1.0000000e-10
  -7.5000000e-09   1.0000000e-10
  -7.4000000e-09   1.0000000e-10
  -7.3000000e-09   1.0000000e-10
  -7.2000000e-09   1.0000000e-10
  -7.1000000e-09   1.0000000e-10
  -7.0000000e-09   1.0000000e-10
  -6.9000000e-09   1.0000000e-10
  -6.8000000e-09   1.0000000e-10
  -6.7000000e-09   1.0000000e-10
  -6.6000000e-09   1.0000000e-10
  -6.5000000e-09   1.0000000e-10
  -6.4000000e-09   1.0000000e-10
  -6.3000000e-09   1.0000000e-10
  -6.2000000e-09   1.0000000e-10
  -6.1000000e-09   1.0000000e-10
  -6.0000000e-09   1.0000000e-10
  -5.9000000e-09   1.0000000e-10
  -5.8000000e-09   1.0000000e-10
  -5.7000000e-09   1.0000000e-10
  -5.6000000e-09   1.0000000e-10
  -5.5000000e-09   1.0000000e-10
  -5.4000000e-09   1.0000000e-10
  -5.3000000e-09   1.0000000e-10
  -5.2000000e-09   1.0000000e-10
  -5.1000000e-09   1.0000000e-10
  -5.0000000e-09   1.0000000e-10
  -4.9000000e-09   1.0000000e-10
  -4.8000000e-09   1.0000000e-10
  -4.7000000e-09   1.0000000e-10
  -4.6000000e-09   1.0000000e-10
  -4.5000000e-09   1.0000000e-10
  -4.4000000e-09   1.0000000e-10
  -4.3000000e-09   1.0000000e-10
  -4.2000000e-09   1.0000000e-10
  -4.1000000e-09   1.0000000e-10
  -4.0000000e-09   1.0000000e-10
  -3.9000000e-09   1.0000000e-10
  -3.8000000e-09   1.0000000e-10
  -3.7000000e-09   1.0000000e-10
  -3.6000000e-09   1.0000000e-10
  -3.5000000e-09   1.0000000e-10
  -3.4000000e-09   1.0000000e-10
  -3.3000000e-09   1.0000000e-10
  -3.2000000e-09   1.0000000e-10
  -3.1000000e-09   1.0000000e-10
  -3.0000000e-09   1.0000000e-10
  -3.0000000e-09   2.0000000e-10
  -2.9000000e-09   2.0000000e-10
  -2.8000000e-09   2.0000000e-10
  -2.8000000e-09   3.0000000e-10
  -2.7000000e-09   3.0000000e-10
  -2.6000000e-09   3.0000000e-10
  -2.6000000e-09   4.0000000e-10
  -2.5000000e-09   4.0000000e-10
  -2.5000000e-09   5.0000000e-10
  -2.4000000e-09   5.0000000e-10
  -2.3000000e-09   5.0000000e-10
  -2.3000000e-09   6.0000000e-10
  -2.2000000e-09   6.0000000e-10
  -2.1000000e-09   6.0000000e-10
  -2.1000000e-09   7.0000000e-10
  -2.0000000e-09   7.0000000e-10
  -1.9000000e-09   7.0000000e-10
  -1.9000000e-09   8.0000000e-10
  -1.8000000e-09   8.0000000e-10
  -1.7000000e-09   8.0000000e-10
  -1.7000000e-09   9.0000000e-10
  -1.6000000e-09   9.0000000e-10
  -1.5000000e-09   9.0000000e-10
  -1.5000000e-09   1.0000000e-09
  -1.4000000e-09   1.0000000e-09
  -1.3000000e-09   1.0000000e-09
  -1.3000000e-09   1.1000000e-09
  -1.2000000e-09   1.1000000e-09
  -1.1000000e-09   1.1000000e-09
  -1.1000000e-09   1.2000000e-09
  -1.0000000e-09   1.2000000e-09
  -9.0000000e-10   1.2000000e-09
  -9.0000000e-10   1.3000000e-09
  -8.0000000e-10   1.3000000e-09
  -7.0000000e-10   1.3000000e-09
  -7.0000000e-10   1.4000000e-09
  -6.0000000e-10   1.4000000e-09
  -5.0000000e-10   1.4000000e-09
  -5.0000000e-10   1.5000000e-09
  -4.0000000e-10   1.5000000e-09
  -4.0000000e-10   1.6000000e-09
  -3.0000000e-10   1.6000000e-09
  -2.0000000e-10   1.6000000e-09
  -2.0000000e-10   1.7000000e-09
  -1.0000000e-10   1.7000000e-09
   0.0000000e+00   1.7000000e-09
   0.0000000e+00   1.8000000e-09
   1.0000000e-10   1.8000000e-09
   2.0000000e-10   1.8000000e-09
   2.0000000e-10   1.9000000e-09
   3.0000000e-10   1.9000000e-09
   4.0000000e-10   1.9000000e-09
   4.0000000e-10   2.0000000e-09
   5.0000000e-10   2.0000000e-09
   6.0000000e-10   2.0000000e-09
   6.0000000e-10   2.1000000e-09
   7.0000000e-10   2.1000000e-09
   8.0000000e-10   2.1000000e-09
   8.0000000e-10   2.2000000e-09
   9.0000000e-10   2.2000000e-09
   1.0000000e-09   2.2000000e-09
   1.0000000e-09   2.3000000e-09
   1.1000000e-09   2.3000000e-09
   1.2000000e-09   2.3000000e-09
   1.2000000e-09   2.4000000e-09
   1.3000000e-09   2.4000000e-09
   1.4000000e-09   2.4000000e-09
   1.4000000e-09   2.5000000e-09
   1.5000000e-09   2.5000000e-09
   1.5000000e-09   2.6000000e-09
   1.6000000e-09   2.6000000e-09
   1.7000000e-09   2.6000000e-09
   1.7000000e-09   2.7000000e-09
   1.8000000e-09   2.7000000e-09
   1.9000000e-09   2.7000000e-09
   1.9000000e-09   2.8000000e-09
   2.0000000e-09   2.8000000e-09
   2.1000000e-09   2.8000000e-09
   2.1000000e-09   2.9000000e-09
   2.2000000e-09   2.9000000e-09
   2.3000000e-09   2.9000000e-09
   2.3000000e-09   3.0000000e-09
   2.4000000e-09   3.0000000e-09
   2.5000000e-09   3.0000000e-09
   2.5000000e-09   3.1000000e-09
   2.6000000e-09   3.1000000e-09
   2.7000000e-09   3.1000000e-09
   2.7000000e-09   3.2000000e-09
   2.8000000e-09   3.2000000e-09
   2.9000000e-09   3.2000000e-09
   2.9000000e-09   3.3000000e-09
   3.0000000e-09   3.3000000e-09
   3.1000000e-09   3.3000000e-09
   3.1000000e-09   3.4000000e-09
   3.2000000e-09   3.4000000e-09
   3.3000000e-09   3.4000000e-09
   3.3000000e-09   3.5000000e-09
   3.4000000e-09   3.5000000e-09
   3.4000000e-09   3.6000000e-09
   3.5000000e-09   3.6000000e-09
   3.6000000e-09   3.6000000e-09
   3.6000000e-09   3.7000000e-09
   3.7000000e-09   3.7000000e-09
   3.8000000e-09   3.7000000e-09
   3.8000000e-09   3.8000000e-09
   3.9000000e-09   3.8000000e-09
   4.0000000e-09   3.8000000e-09
   4.0000000e-09   3.9000000e-09
   4.1000000e-09   3.9000000e-09
   4.2000000e-09   3.9000000e-09
   4.2000000e-09   4.0000000e-09
   4.3000000e-09   4.0000000e-09
   4.4000000e-09   4.0000000e-09
   4.4000000e-09   4.1000000e-09
   4.5000000e-09   4.1000000e-09
   4.6000000e-09   4.1000000e-09
   4.6000000e-09   4.2000000e-09
   4.7000000e-09   4.2000000e-09
   4.8000000e-09   4.2000000e-09
   4.8000000e-09   4.3000000e-09
   4.9000000e-09   4.3000000e-09
   5.0000000e-09   4.3000000e-09
   5.0000000e-09   4.4000000e-09
   5.1000000e-09   4.4000000e-09
   5.2000000e-09   4.4000000e-09
   5.2000000e-09   4.5000000e-09
   5.3000000e-09   4.5000000e-09
   5.3000000e-09   4.6000000e-09
   5.4000000e-09   4.6000000e-09
   5.5000000e-09   4.6000000e-09
   5.5000000e-09   4.7000000e-09
   5.6000000e-09   4.7000000e-09
   5.7000000e-09   4.7000000e-09
   5.7000000e-09   4.8000000e-09
   5.8000000e-09   4.8000000e-09
   5.9000000e-09   4.8000000e-09
   5.9000000e-09   4.9000000e-09
   6.0000000e-09   4.9000000e-09
   6.1000000e-09   4.9000000e-09
   6.1000000e-09   5.0000000e-09
   6.2000000e-09   5.0000000e-09
   6.3000000e-09   5.0000000e-09
   6.3000000e-09   5.1000000e-09
   6.4000000e-09   5.1000000e-09
   6.5000000e-09   5.1000000e-09
   6.5000000e-09   5.2000000e-09
   6.6000000e-09   5.2000000e-09
   6.7000000e-09   5.2000000e-09
   6.7000000e-09   5.3000000e-09
   6.8000000e-09   5.3000000e-09
   6.9000000e-09   5.3000000e-09
   6.9000000e-09   5.4000000e-09
   7.0000000e-09   5.4000000e-09
   7.1000000e-09   5.4000000e-09
   7.1000000e-09   5.5000000e-09
   7.2000000e-09   5.5000000e-09
   7.2000000e-09   5.6000000e-09
   7.3000000e-09   5.6000000e-09
   7.4000000e-09   5.6000000e-09
   7.4000000e-09   5.7000000e-09
   7.5000000e-09   5.7000000e-09
   7.6000000e-09   5.7000000e-09
   7.6000000e-09   5.8000000e-09
   7.7000000e-09   5.8000000e-09
   7.8000000e-09   5.8000000e-09
   7.8000000e-09   5.9000000e-09
   7.9000000e-09   5.9000000e-09
   8.0000000e-09   5.9000000e-09
   8.0000000e-09   6.0000000e-09
   8.1000000e-09   6.0000000e-09
   8.2000000e-09   6.0000000e-09
   8.2000000e-09   6.1000000e-09
   8.3000000e-09   6.1000000e-09
   8.4000000e-09   6.1000000e-09
   8.4000000e-09   6.2000000e-09
   8.5000000e-09   6.2000000e-09
   8.6000000e-09   6.2000000e-09
   8.6000000e-09   6.3000000e-09
   8.7000000e-09   6.3000000e-09
   8.8000000e-09   6.3000000e-09
   8.8000000e-09   6.4000000e-09
   8.9000000e-09   6.4000000e-09
   9.0000000e-09   6.4000000e-09
   9.0000000e-09   6.5000000e-09
   9.1000000e-09   6.5000000e-09
   9.1000000e-09   6.6000000e-09
   9.2000000e-09   6.6000000e-09
   9.3000000e-09   6.6000000e-09
   9.3000000e-09   6.7000000e-09
   9.4000000e-09   6.7000000e-09
   9.5000000e-09   6.7000000e-09
   9.5000000e-09   6.8000000e-09
   9.6000000e-09   6.8000000e-09
   9.7000000e-09   6.8000000e-09
   9.7000000e-09   6.9000000e-09
   9.8000000e-09   6.9000000e-09
   9.9000000e-09   6.9000000e-09
   9.9000000e-09   7.0000000e-09
   1.0000000e-08   7.0000000e-09
   1.0100000e-08   7.0000000e-09
   1.0100000e-08   7.1000000e-09
   1.0200000e-08   7.1000000e-09
   1.0300000e-08   7.1000000e-09
   1.0300000e-08   7.2000000e-09
   1.0400000e-08   7.2000000e-09
   1.0500000e-08   7.2000000e-09
   1.0500000e-08   7.3000000e-09
   1.0600000e-08   7.3000000e-09
   1.0700000e-08   7.3000000e-09
   1.0700000e-08   7.4000000e-09
   1.0800000e-08   7.4000000e-09
   1.0900000e-08   7.4000000e-09
   1.0900000e-08   7.5000000e-09
   1.1000000e-08   7.5000000e-09
   1.1000000e-08   7.6000000e-09
   1.1100000e-08   7.6000000e-09
   1.1200000e-08   7.6000000e-09
   1.1200000e-08   7.7000000e-09
   1.1300000e-08   7.7000000e-09
   1.1400000e-08   7.7000000e-09
   1.1400000e-08   7.8000000e-09
   1.1500000e-08   7.8000000e-09
   1.1600000e-08   7.8000000e-09
   1.1600000e-08   7.9000000e-09
   1.1700000e-08   7.9000000e-09
   1.1800000e-08   7.9000000e-09
   1.1800000e-08   8.0000000e-09
   1.1900000e-08   8.0000000e-09
   1.2000000e-08   8.0000000e-09
   1.2000000e-08   8.1000000e-09
   1.2100000e-08   8.1000000e-09
   1.2200000e-08   8.1000000e-09
   1.2200000e-08   8.2000000e-09
   1.2300000e-08   8.2000000e-09
   1.2400000e-08   8.2000000e-09
   1.2400000e-08   8.3000000e-09
   1.2500000e-08   8.3000000e-09
   1.2600000e-08   8.3000000e-09
   1.2600000e-08   8.4000000e-09
   1.2700000e-08   8.4000000e-09
   1.2800000e-08   8.4000000e-09
   1.2800000e-08   8.5000000e-09
   1.2900000e-08   8.5000000e-09
   1.2900000e-08   8.6000000e-09
   1.3000000e-08   8.6000000e-09
   1.3100000e-08   8.6000000e-09
   1.3100000e-08   8.7000000e-09
   1.3200000e-08   8.7000000e-09
   1.3300000e-08   8.7000000e-09
   1.3300000e-08   8.8000000e-09
   1.3400000e-08   8.8000000e-09
   1.3500000e-08   8.8000000e-09
   1.3500000e-08   8.9000000e-09
   1.3600000e-08   8.9000000e-09
   1.3700000e-08   8.9000000e-09
   1.3700000e-08   9.0000000e-09
   1.3800000e-08   9.0000000e-09
   1.3900000e-08   9.0000000e-09
   1.3900000e-08   9.1000000e-09
   1.4000000e-08   9.1000000e-09
   1.4100000e-08   9.1000000e-09
   1.4100000e-08   9.2000000e-09
   1.4200000e-08   9.2000000e-09
   1.4300000e-08   9.2000000e-09
   1.4300000e-08   9.3000000e-09
   1.4400000e-08   9.3000000e-09
   1.4500000e-08   9.3000000e-09
   1.4500000e-08   9.4000000e-09
   1.4600000e-08   9.4000000e-09
   1.4700000e-08   9.4000000e-09
   1.4700000e-08   9.5000000e-09
   1.4800000e-08   9.5000000e-09
   1.4800000e-08   9.6000000e-09
   1.4900000e-08   9.6000000e-09
   1.5000000e-08   9.6000000e-09
   1.5000000e-08   9.7000000e-09
   1.5100000e-08   9.7000000e-09
   1.5200000e-08   9.7000000e-09
   1.5200000e-08   9.8000000e-09
   1.5300000e-08   9.8000000e-09
   1.5400000e-08   9.8000000e-09
   1.5400000e-08   9.9000000e-09
   1.5500000e-08   9.9000000e-09
   1.5600000e-08   9.9000000e-09
   1.5600000e-08   1.0000000e-08
   1.5700000e-08   1.0000000e-08
   1.5800000e-08   1.0000000e-08
   1.5800000e-08   1.0100000e-08
   1.5900000e-08   1.0100000e-08
   1.6000000e-08   1.0100000e-08
   1.6000000e-08   1.0200000e-08
   1.6100000e-08   1.0200000e-08
   1.6200000e-08   1.0200000e-08
   1.6200000e-08   1.0300000e-08
   1.6300000e-08   1.0300000e-08
   1.6400000e-08   1.0300000e-08
   1.6400000e-08   1.0400000e-08
   1.6500000e-08   1.0400000e-08
   1.6600000e-08   1.0400000e-08
   1.6600000e-08   1.0500000e-08
   1.6700000e-08   1.0500000e-08
   1.6800000e-08   1.0500000e-08
   1.6800000e-08   1.0600000e-08
   1.6900000e-08   1.0600000e-08
   1.6900000e-08   1.0700000e-08
   1.7000000e-08   1.0700000e-08
   1.7100000e-08   1.0700000e-08
   1.7100000e-08   1.0800000e-08
   1.7200000e-08   1.0800000e-08
   1.7300000e-08   1.0800000e-08
   1.7300000e-08   1.0900000e-08
   1.7400000e-08   1.0900000e-08
   1.7500000e-08   1.0900000e-08
   1.7500000e-08   1.1000000e-08
   1.7600000e-08   1.1000000e-08
   1.7700000e-08   1.1000000e-08
   1.7700000e-08   1.1100000e-08
   1.7800000e-08   1.1100000e-08
   1.7900000e-08   1.1100000e-08
   1.7900000e-08   1.1200000e-08
   1.8000000e-08   1.1200000e-08
   1.8100000e-08   1.1200000e-08
   1.8100000e-08   1.1300000e-08
   1.8200000e-08   1.1300000e-08
   1.8300000e-08   1.1300000e-08
   1.8300000e-08   1.1400000e-08
   1.8400000e-08   1.1400000e-08
   1.8500000e-08   1.1400000e-08
   1.8500000e-08   1.1500000e-08
   1.8600000e-08   1.1500000e-08
   1.8700000e-08   1.1500000e-08
   1.8700000e-08   1.1600000e-08
   1.8800000e-08   1.1600000e-08
   1.8800000e-08   1.1700000e-08
   1.8900000e-08   1.1700000e-08
   1.9000000e-08   1.1700000e-08
   1.9000000e-08   1.1800000e-08
   1.9100000e-08   1.1800000e-08
   1.9200000e-08   1.1800000e-08
   1.9200000e-08   1.1900000e-08
   1.9300000e-08   1.1900000e-08
   1.9400000e-08   1.1900000e-08
   1.9400000e-08   1.2000000e-08
   1.9500000e-08   1.2000000e-08
   1.9600000e-08   1.2000000e-08
   1.9600000e-08   1.2100000e-08
   1.9700000e-08   1.2100000e-08
   1.9800000e-08   1.2100000e-08
   1.9800000e-08   1.2200000e-08
   1.9900000e-08   1.2200000e-08
   2.0000000e-08   1.2200000e-08
   2.0000000e-08   1.2300000e-08
   2.0100000e-08   1.2300000e-08
   2.0200000e-08   1.2300000e-08
   2.0200000e-08   1.2400000e-08
   2.0300000e-08   1.2400000e-08
   2.0400000e-08   1.2400000e-08
   2.0400000e-08   1.2500000e-08
   2.0500000e-08   1.2500000e-08
   2.0600000e-08   1.2500000e-08
   2.0600000e-08   1.2600000e-08
   2.0700000e-08   1.2600000e-08
   2.0700000e-08   1.2700000e-08
   2.0800000e-08   1.2700000e-08
   2.0900000e-08   1.2700000e-08
   2.0900000e-08   1.2800000e-08
   2.1000000e-08   1.2800000e-08
   2.1100000e-08   1.2800000e-08
   2.1100000e-08   1.2900000e-08
   2.1200000e-08   1.2900000e-08
   2.1300000e-08   1.2900000e-08
   2.1300000e-08   1.3000000e-08
   2.1400000e-08   1.3000000e-08
   2.1500000e-08   1.3000000e-08
   2.1500000e-08   1.3100000e-08
   2.1600000e-08   1.3100000e-08
   2.1700000e-08   1.3100000e-08
   2.1700000e-08   1.3200000e-08
   2.1800000e-08   1.3200000e-08
   2.1900000e-08   1.3200000e-08
   2.1900000e-08   1.3300000e-08
   2.2000000e-08   1.3300000e-08
   2.2100000e-08   1.3300000e-08
   2.2100000e-08   1.3400000e-08
   2.2200000e-08   1.3400000e-08
   2.2300000e-08   1.3400000e-08
   2.2300000e-08   1.3500000e-08
   2.2400000e-08   1.3500000e-08
   2.2500000e-08   1.3500000e-08
   2.2500000e-08   1.3600000e-08
   2.2600000e-08   1.3600000e-08
   2.2600000e-08   1.3700000e-08
   2.2700000e-08   1.3700000e-08
   2.2800000e-08   1.3700000e-08
   2.2800000e-08   1.3800000e-08
   2.2900000e-08   1.3800000e-08
   2.3000000e-08   1.3800000e-08
   2.3000000e-08   1.3900000e-08
   2.3100000e-08   1.3900000e-08
   2.3200000e-08   1.3900000e-08
   2.3200000e-08   1.4000000e-08
   2.3300000e-08   1.4000000e-08
   2.3400000e-08   1.4000000e-08
   2.3400000e-08   1.4100000e-08
   2.3500000e-08   1.4100000e-08
   2.3600000e-08   1.4100000e-08
   2.3600000e-08   1.4200000e-08
   2.3700000e-08   1.4200000e-08
   2.3800000e-08   1.4200000e-08
   2.3800000e-08   1.4300000e-08
   2.3900000e-08   1.4300000e-08
   2.4000000e-08   1.4300000e-08
   2.4000000e-08   1.4400000e-08
   2.4100000e-08   1.4400000e-08
   2.4200000e-08   1.4400000e-08
   2.4200000e-08   1.4500000e-08
   2.4300000e-08   1.4500000e-08
   2.4400000e-08   1.4500000e-08
   2.4400000e-08   1.4600000e-08
   2.4500000e-08   1.4600000e-08
   2.4500000e-08   1.4700000e-08
   2.4600000e-08   1.4700000e-08
   2.4700000e-08   1.4700000e-08
   2.4700000e-08   1.4800000e-08
   2.4800000e-08   1.4800000e-08
   2.4900000e-08   1.4800000e-08
   2.4900000e-08   1.4900000e-08
   2.5000000e-08   1.4900000e-08
   2.5100000e-08   1.4900000e-08
   2.5100000e-08   1.5000000e-08
   2.5200000e-08   1.5000000e-08
   2.5300000e-08   1.5000000e-08
   2.5300000e-08   1.5100000e-08
   2.5400000e-08   1.5100000e-08
   2.5500000e-08   1.5100000e-08
   2.5500000e-08   1.5200000e-08
   2.5600000e-08   1.5200000e-08
   2.5700000e-08   1.5200000e-08
   2.5700000e-08   1.5300000e-08
   2.5800000e-08   1.5300000e-08
   2.5900000e-08   1.5300000e-08
   2.5900000e-08   1.5400000e-08
   2.6000000e-08   1.5400000e-08
   2.6100000e-08   1.5400000e-08
   2.6100000e-08   1.5500000e-08
   2.6200000e-08   1.5500000e-08
   2.6300000e-08   1.5500000e-08
   2.6300000e-08   1.5600000e-08
   2.6400000e-08   1.5600000e-08
   2.6400000e-08   1.5700000e-08
   2.6500000e-08   1.5700000e-08
   2.6600000e-08   1.5700000e-08
   2.6600000e-08   1.5800000e-08
   2.6700000e-08   1.5800000e-08
   2.6800000e-08   1.5800000e-08
   2.6800000e-08   1.5900000e-08
   2.6900000e-08   1.5900000e-08
   2.7000000e-08   1.5900000e-08
   2.7000000e-08   1.6000000e-08
   2.7100000e-08   1.6000000e-08
   2.7200000e-08   1.6000000e-08
   2.7200000e-08   1.6100000e-08
   2.7300000e-08   1.6100000e-08
   2.7400000e-08   1.6100000e-08
   2.7400000e-08   1.6200000e-08
   2.7500000e-08   1.6200000e-08
   2.7600000e-08   1.6200000e-08
   2.7600000e-08   1.6300000e-08
   2.7700000e-08   1.6300000e-08
   2.7800000e-08   1.6300000e-08
   2.7800000e-08   1.6400000e-08
   2.7900000e-08   1.6400000e-08
   2.8000000e-08   1.6400000e-08
   2.8000000e-08   1.6500000e-08
   2.8100000e-08   1.6500000e-08
   2.8200000e-08   1.6500000e-08
   2.8200000e-08   1.6600000e-08
   2.8300000e-08   1.6600000e-08
   2.8300000e-08   1.6700000e-08
   2.8400000e-08   1.6700000e-08
   2.8500000e-08   1.6700000e-08
   2.8500000e-08   1.6800000e-08
   2.8600000e-08   1.6800000e-08
   2.8700000e-08   1.6800000e-08
   2.8700000e-08   1.6900000e-08
   2.8800000e-08   1.6900000e-08
   2.8900000e-08   1.6900000e-08
   2.8900000e-08   1.7000000e-08
   2.9000000e-08   1.7000000e-08
   2.9100000e-08   1.7000000e-08
   2.9100000e-08   1.7100000e-08
   2.9200000e-08   1.7100000e-08
   2.9300000e-08   1.7100000e-08
   2.9300000e-08   1.7200000e-08
   2.9400000e-08   1.7200000e-08
   2.9500000e-08   1.7200000e-08
   2.9500000e-08   1.7300000e-08
   2.9600000e-08   1.7300000e-08
   2.9700000e-08   1.7300000e-08
   2.9700000e-08   1.7400000e-08
   2.9800000e-08   1.7400000e-08
   2.9900000e-08   1.7400000e-08
   2.9900000e-08   1.7500000e-08
   3.0000000e-08   1.7500000e-08
   3.0100000e-08   1.7500000e-08
   3.0100000e-08   1.7600000e-08
   3.0200000e-08   1.7600000e-08
   3.0200000e-08   1.7700000e-08
   3.0300000e-08   1.7700000e-08
   3.0400000e-08   1.7700000e-08
   3.0400000e-08   1.7800000e-08
   3.0500000e-08   1.7800000e-08
   3.0600000e-08   1.7800000e-08
   3.0600000e-08   1.7900000e-08
   3.0700000e-08   1.7900000e-08
   3.0800000e-08   1.7900000e-08
   3.0800000e-08   1.8000000e-08
   3.0900000e-08   1.8000000e-08
   3.1000000e-08   1.8000000e-08
   3.1000000e-08   1.8100000e-08
   3.1100000e-08   1.8100000e-08
   3.1200000e-08   1.8100000e-08
   3.1200000e-08   1.8200000e-08
   3.1300000e-08   1.8200000e-08
   3.1400000e-08   1.8200000e-08
   3.1400000e-08   1.8300000e-08
   3.1500000e-08   1.8300000e-08
   3.1600000e-08   1.8300000e-08
   3.1600000e-08   1.8400000e-08
   3.1700000e-08   1.8400000e-08
   3.1800000e-08   1.8400000e-08
   3.1800000e-08   1.8500000e-08
   3.1900000e-08   1.8500000e-08
   3.2000000e-08   1.8500000e-08
   3.2000000e-08   1.8600000e-08
   3.2100000e-08   1.8600000e-08
   3.2100000e-08   1.8700000e-08
   3.2200000e-08   1.8700000e-08
   3.2300000e-08   1.8700000e-08
   3.2300000e-08   1.8800000e-08
   3.2400000e-08   1.8800000e-08
   3.2500000e-08   1.8800000e-08
   3.2500000e-08   1.8900000e-08
   3.2600000e-08   1.8900000e-08
   3.2700000e-08   1.8900000e-08
   3.2700000e-08   1.9000000e-08
   3.2800000e-08   1.9000000e-08
   3.2900000e-08   1.9000000e-08
   3.2900000e-08   1.9100000e-08
   3.3000000e-08   1.9100000e-08
   3.3100000e-08   1.9100000e-08
   3.3100000e-08   1.9200000e-08
   3.3200000e-08   1.9200000e-08
   3.3300000e-08   1.9200000e-08
   3.3300000e-08   1.9300000e-08
   3.3400000e-08   1.9300000e-08
   3.3500000e-08   1.9300000e-08
   3.3500000e-08   1.9400000e-08
   3.3600000e-08   1.9400000e-08
   3.3700000e-08   1.9400000e-08
   3.3700000e-08   1.9500000e-08
   3.3800000e-08   1.9500000e-08
   3.3900000e-08   1.9500000e-08
   3.3800000e-08   1.9500000e-08
   3.3700000e-08   1.9500000e-08
   3.3700000e-08   1.9400000e-08
   3.3600000e-08   1.9400000e-08
   3.3500000e-08   1.9400000e-08
   3.3400000e-08   1.9400000e-08
   3.3300000e-08   1.9400000e-08
   3.3200000e-08   1.9400000e-08
   3.3200000e-08   1.9300000e-08
   3.3100000e-08   1.9300000e-08
   3.3000000e-08   1.9300000e-08
   3.2900000e-08   1.9300000e-08
   3.2800000e-08   1.9300000e-08
   3.2800000e-08   1.9200000e-08
   3.2700000e-08   1.9200000e-08
   3.2600000e-08   1.9200000e-08
   3.2500000e-08   1.9200000e-08
   3.2400000e-08   1.9200000e-08
   3.2400000e-08   1.9100000e-08
   3.2300000e-08   1.9100000e-08
   3.2200000e-08   1.9100000e-08
   3.2100000e-08   1.9100000e-08
   3.2000000e-08   1.9100000e-08
   3.1900000e-08   1.9100000e-08
   3.1900000e-08   1.9000000e-08
   3.1800000e-08   1.9000000e-08
   3.1700000e-08   1.9000000e-08
   3.1600000e-08   1.9000000e-08
   3.1500000e-08   1.9000000e-08
   3.1500000e-08   1.8900000e-08
   3.1400000e-08   1.8900000e-08
   3.1300000e-08   1.8900000e-08
   3.1200000e-08   1.8900000e-08
   3.1100000e-08   1.8900000e-08
   3.1000000e-08   1.8900000e-08
   3.1000000e-08   1.8800000e-08
   3.0900000e-08   1.8800000e-08
   3.0800000e-08   1.8800000e-08
   3.0700000e-08   1.8800000e-08
   3.0600000e-08   1.8800000e-08
   3.0600000e-08   1.8700000e-08
   3.0500000e-08   1.8700000e-08
   3.0400000e-08   1.8700000e-08
   3.0300000e-08   1.8700000e-08
   3.0200000e-08   1.8700000e-08
   3.0200000e-08   1.8600000e-08
   3.0100000e-08   1.8600000e-08
   3.0000000e-08   1.8600000e-08
   2.9900000e-08   1.8600000e-08
   2.9800000e-08   1.8600000e-08
   2.9700000e-08   1.8600000e-08
   2.9700000e-08   1.8500000e-08
   2.9600000e-08   1.8500000e-08
   2.9500000e-08   1.8500000e-08
   2.9400000e-08   1.8500000e-08
   2.9300000e-08   1.8500000e-08
   2.9300000e-08   1.8400000e-08
   2.9200000e-08   1.8400000e-08
   2.9100000e-08   1.8400000e-08
   2.9000000e-08   1.8400000e-08
   2.8900000e-08   1.8400000e-08
   2.8800000e-08   1.8400000e-08
   2.8800000e-08   1.8300000e-08
   2.8700000e-08   1.8300000e-08
   2.8600000e-08   1.8300000e-08
   2.8500000e-08   1.8300000e-08
   2.8400000e-08   1.8300000e-08
   2.8400000e-08   1.8200000e-08
   2.8300000e-08   1.8200000e-08
   2.8200000e-08   1.8200000e-08
   2.8100000e-08   1.8200000e-08
   2.8000000e-08   1.8200000e-08
   2.8000000e-08   1.8100000e-08
   2.7900000e-08   1.8100000e-08
   2.7800000e-08   1.8100000e-08
   2.7700000e-08   1.8100000e-08
   2.7600000e-08   1.8100000e-08
   2.7500000e-08   1.8100000e-08
   2.7500000e-08   1.8000000e-08
   2.7400000e-08   1.8000000e-08
   2.7300000e-08   1.8000000e-08
   2.7200000e-08   1.8000000e-08
   2.7100000e-08   1.8000000e-08
   2.7100000e-08   1.7900000e-08
   2.7000000e-08   1.7900000e-08
   2.6900000e-08   1.7900000e-08
   2.6800000e-08   1.7900000e-08
   2.6700000e-08   1.7900000e-08
   2.6600000e-08   1.7900000e-08
   2.6600000e-08   1.7800000e-08
   2.6500000e-08   1.7800000e-08
   2.6400000e-08   1.7800000e-08
   2.6300000e-08   1.7800000e-08
   2.6200000e-08   1.7800000e-08
   2.6200000e-08   1.7700000e-08
   2.6100000e-08   1.7700000e-08
   2.6000000e-08   1.7700000e-08
   2.5900000e-08   1.7700000e-08
   2.5800000e-08   1.7700000e-08
   2.5800000e-08   1.7600000e-08
   2.5700000e-08   1.7600000e-08
   2.5600000e-08   1.7600000e-08
   2.5500000e-08   1.7600000e-08
   2.5400000e-08   1.7600000e-08
   2.5300000e-08   1.7600000e-08
   2.5300000e-08   1.7500000e-08
   2.5200000e-08   1.7500000e-08
   2.5100000e-08   1.7500000e-08
   2.5000000e-08   1.7500000e-08
   2.4900000e-08   1.7500000e-08
   2.4900000e-08   1.7400000e-08
   2.4800000e-08   1.7400000e-08
   2.4700000e-08   1.7400000e-08
   2.4600000e-08   1.7400000e-08
   2.4500000e-08   1.7400000e-08
   2.4400000e-08   1.7400000e-08
   2.4400000e-08   1.7300000e-08
   2.4300000e-08   1.7300000e-08
   2.4200000e-08   1.7300000e-08
   2.4100000e-08   1.7300000e-08
   2.4000000e-08   1.7300000e-08
   2.4000000e-08   1.7200000e-08
   2.3900000e-08   1.7200000e-08
   2.3800000e-08   1.7200000e-08
   2.3700000e-08   1.7200000e-08
   2.3600000e-08   1.7200000e-08
   2.3600000e-08   1.7100000e-08
   2.3500000e-08   1.7100000e-08
   2.3400000e-08   1.7100000e-08
   2.3300000e-08   1.7100000e-08
   2.3200000e-08   1.7100000e-08
   2.3100000e-08   1.7100000e-08
   2.3100000e-08   1.7000000e-08
   2.3000000e-08   1.7000000e-08
   2.2900000e-08   1.7000000e-08
   2.2800000e-08   1.7000000e-08
   2.2700000e-08   1.7000000e-08
   2.2700000e-08   1.6900000e-08
   2.2600000e-08   1.6900000e-08
   2.2500000e-08   1.6900000e-08
   2.2400000e-08   1.6900000e-08
   2.2300000e-08   1.6900000e-08
   2.2200000e-08   1.6900000e-08
   2.2200000e-08   1.6800000e-08
   2.2100000e-08   1.6800000e-08
   2.2000000e-08   1.6800000e-08
   2.1900000e-08   1.6800000e-08
   2.1800000e-08   1.6800000e-08
   2.1800000e-08   1.6700000e-08
   2.1700000e-08   1.6700000e-08
   2.1600000e-08   1.6700000e-08
   2.1500000e-08   1.6700000e-08
   2.1400000e-08   1.6700000e-08
   2.1400000e-08   1.6600000e-08
   2.1300000e-08   1.6600000e-08
   2.1200000e-08   1.6600000e-08
   2.1100000e-08   1.6600000e-08
   2.1000000e-08   1.6600000e-08
   2.0900000e-08   1.6600000e-08
   2.0900000e-08   1.6500000e-08
   2.0800000e-08   1.6500000e-08
   2.0700000e-08   1.6500000e-08
   2.0600000e-08   1.6500000e-08
   2.0500000e-08   1.6500000e-08
   2.0500000e-08   1.6400000e-08
   2.0400000e-08   1.6400000e-08
   2.0300000e-08   1.6400000e-08
   2.0200000e-08   1.6400000e-08
   2.0100000e-08   1.6400000e-08
   2.0100000e-08   1.6300000e-08
   2.0000000e-08   1.6300000e-08
   1.9900000e-08   1.6300000e-08
   1.9800000e-08   1.6300000e-08
   1.9700000e-08   1.6300000e-08
   1.9600000e-08   1.6300000e-08
   1.9600000e-08   1.6200000e-08
   1.9500000e-08   1.6200000e-08
   1.9400000e-08   1.6200000e-08
   1.9300000e-08   1.6200000e-08
   1.9200000e-08   1.6200000e-08
   1.9200000e-08   1.6100000e-08
   1.9100000e-08   1.6100000e-08
   1.9000000e-08   1.6100000e-08
   1.8900000e-08   1.6100000e-08
   1.8800000e-08   1.6100000e-08
   1.8700000e-08   1.6100000e-08
   1.8700000e-08   1.6000000e-08
   1.8600000e-08   1.6000000e-08
   1.8500000e-08   1.6000000e-08
   1.8400000e-08   1.6000000e-08
   1.8300000e-08   1.6000000e-08
   1.8300000e-08   1.5900000e-08
   1.8200000e-08   1.5900000e-08
   1.8100000e-08   1.5900000e-08
   1.8000000e-08   1.5900000e-08
   1.7900000e-08   1.5900000e-08
   1.7900000e-08   1.5800000e-08
   1.7800000e-08   1.5800000e-08
   1.7700000e-08   1.5800000e-08
   1.7600000e-08   1.5800000e-08
   1.7500000e-08   1.5800000e-08
   1.7400000e-08   1.5800000e-08
   1.7400000e-08   1.5700000e-08
   1.7300000e-08   1.5700000e-08
   1.7200000e-08   1.5700000e-08
   1.7100000e-08   1.5700000e-08
   1.7000000e-08   1.5700000e-08
   1.7000000e-08   1.5600000e-08
   1.6900000e-08   1.5600000e-08
   1.6800000e-08   1.5600000e-08
   1.6700000e-08   1.5600000e-08
   1.6600000e-08   1.5600000e-08
   1.6500000e-08   1.5600000e-08
   1.6500000e-08   1.5500000e-08
   1.6400000e-08   1.5500000e-08
   1.6300000e-08   1.5500000e-08
   1.6200000e-08   1.5500000e-08
   1.6100000e-08   1.5500000e-08
   1.6100000e-08   1.5400000e-08
   1.6000000e-08   1.5400000e-08
   1.5900000e-08   1.5400000e-08
   1.5800000e-08   1.5400000e-08
   1.5700000e-08   1.5400000e-08
   1.5700000e-08   1.5300000e-08
   1.5600000e-08   1.5300000e-08
   1.5500000e-08   1.5300000e-08
   1.5400000e-08   1.5300000e-08
   1.5300000e-08   1.5300000e-08
   1.5200000e-08   1.5300000e-08
   1.5200000e-08   1.5200000e-08
   1.5100000e-08   1.5200000e-08
   1.5000000e-08   1.5200000e-08
   1.4900000e-08   1.5200000e-08
   1.4800000e-08   1.5200000e-08
   1.4800000e-08   1.5100000e-08
   1.4700000e-08   1.5100000e-08
   1.4600000e-08   1.5100000e-08
   1.4500000e-08   1.5100000e-08
   1.4400000e-08   1.5100000e-08
   1.4300000e-08   1.5100000e-08
   1.4300000e-08   1.5000000e-08
   1.4200000e-08   1.5000000e-08
   1.4100000e-08   1.5000000e-08
   1.4000000e-08   1.5000000e-08
   1.3900000e-08   1.5000000e-08
   1.3900000e-08   1.4900000e-08
   1.3800000e-08   1.4900000e-08
   1.3700000e-08   1.4900000e-08
   1.3600000e-08   1.4900000e-08
   1.3500000e-08   1.4900000e-08
   1.3500000e-08   1.4800000e-08
   1.3400000e-08   1.4800000e-08
   1.3300000e-08   1.4800000e-08
   1.3200000e-08   1.4800000e-08
   1.3100000e-08   1.4800000e-08
   1.3000000e-08   1.4800000e-08
   1.3000000e-08   1.4700000e-08
   1.2900000e-08   1.4700000e-08
   1.2800000e-08   1.4700000e-08
   1.2700000e-08   1.4700000e-08
   1.2600000e-08   1.4700000e-08
   1.2600000e-08   1.4600000e-08
   1.2500000e-08   1.4600000e-08
   1.2400000e-08   1.4600000e-08
   1.2300000e-08   1.4600000e-08
   1.2200000e-08   1.4600000e-08
   1.2100000e-08   1.4600000e-08
   1.2100000e-08   1.4500000e-08
   1.2000000e-08   1.4500000e-08
   1.1900000e-08   1.4500000e-08
   1.1800000e-08   1.4500000e-08
   1.1700000e-08   1.4500000e-08
   1.1700000e-08   1.4400000e-08
   1.1600000e-08   1.4400000e-08
   1.1500000e-08   1.4400000e-08
   1.1400000e-08   1.4400000e-08
   1.1300000e-08   1.4400000e-08
   1.1300000e-08   1.4300000e-08
   1.1200000e-08   1.4300000e-08
   1.1100000e-08   1.4300000e-08
   1.1000000e-08   1.4300000e-08
   1.0900000e-08   1.4300000e-08
   1.0800000e-08   1.4300000e-08
   1.0800000e-08   1.4200000e-08
   1.0700000e-08   1.4200000e-08
   1.0600000e-08   1.4200000e-08
   1.0500000e-08   1.4200000e-08
   1.0400000e-08   1.4200000e-08
   1.0400000e-08   1.4100000e-08
   1.0300000e-08   1.4100000e-08
   1.0200000e-08   1.4100000e-08
   1.0100000e-08   1.4100000e-08
   1.0000000e-08   1.4100000e-08
   9.9000000e-09   1.4100000e-08
   9.9000000e-09   1.4000000e-08
   9.8000000e-09   1.4000000e-08
   9.7000000e-09   1.4000000e-08
   9.6000000e-09   1.4000000e-08
   9.5000000e-09   1.4000000e-08
   9.5000000e-09   1.3900000e-08
   9.4000000e-09   1.3900000e-08
   9.3000000e-09   1.3900000e-08
   9.2000000e-09   1.3900000e-08
   9.1000000e-09   1.3900000e-08
   9.1000000e-09   1.3800000e-08
   9.0000000e-09   1.3800000e-08
   8.9000000e-09   1.3800000e-08
   8.8000000e-09   1.3800000e-08
   8.7000000e-09   1.3800000e-08
   8.6000000e-09   1.3800000e-08
   8.6000000e-09   1.3700000e-08
   8.5000000e-09   1.3700000e-08
   8.4000000e-09   1.3700000e-08
   8.3000000e-09   1.3700000e-08
   8.2000000e-09   1.3700000e-08
   8.2000000e-09   1.3600000e-08
   8.1000000e-09   1.3600000e-08
   8.0000000e-09   1.3600000e-08
   7.9000000e-09   1.3600000e-08
   7.8000000e-09   1.3600000e-08
   7.7000000e-09   1.3600000e-08
   7.7000000e-09   1.3500000e-08
   7.6000000e-09   1.3500000e-08
   7.5000000e-09   1.3500000e-08
   7.4000000e-09   1.3500000e-08
   7.3000000e-09   1.3500000e-08
   7.3000000e-09   1.3400000e-08
   7.2000000e-09   1.3400000e-08
   7.1000000e-09   1.3400000e-08
   7.0000000e-09   1.3400000e-08
   6.9000000e-09   1.3400000e-08
   6.9000000e-09   1.3300000e-08
   6.8000000e-09   1.3300000e-08
   6.7000000e-09   1.3300000e-08
   6.6000000e-09   1.3300000e-08
   6.5000000e-09   1.3300000e-08
   6.4000000e-09   1.3300000e-08
   6.4000000e-09   1.3200000e-08
   6.3000000e-09   1.3200000e-08
   6.2000000e-09   1.3200000e-08
   6.1000000e-09   1.3200000e-08
   6.0000000e-09   1.3200000e-08
   6.0000000e-09   1.3100000e-08
   5.9000000e-09   1.3100000e-08
   5.8000000e-09   1.3100000e-08
   5.7000000e-09   1.3100000e-08
   5.6000000e-09   1.3100000e-08
   5.5000000e-09   1.3100000e-08
   5.5000000e-09   1.3000000e-08
   5.4000000e-09   1.3000000e-08
   5.3000000e-09   1.3000000e-08
   5.2000000e-09   1.3000000e-08
   5.1000000e-09   1.3000000e-08
   5.1000000e-09   1.2900000e-08
   5.0000000e-09   1.2900000e-08
   4.9000000e-09   1.2900000e-08
   4.8000000e-09   1.2900000e-08
   4.7000000e-09   1.2900000e-08
   4.7000000e-09   1.2800000e-08
   4.6000000e-09   1.2800000e-08
   4.5000000e-09   1.2800000e-08
   4.4000000e-09   1.2800000e-08
   4.3000000e-09   1.2800000e-08
   4.2000000e-09   1.2800000e-08
   4.2000000e-09   1.2700000e-08
   4.1000000e-09   1.2700000e-08
   4.0000000e-09   1.2700000e-08
   3.9000000e-09   1.2700000e-08
   3.8000000e-09   1.2700000e-08
   3.8000000e-09   1.2600000e-08
   3.7000000e-09   1.2600000e-08
   3.6000000e-09   1.2600000e-08
   3.5000000e-09   1.2600000e-08
   3.4000000e-09   1.2600000e-08
   3.3000000e-09   1.2600000e-08
   3.3000000e-09   1.2500000e-08
   3.2000000e-09   1.2500000e-08
   3.1000000e-09   1.2500000e-08
   3.0000000e-09   1.2500000e-08
   2.9000000e-09   1.2500000e-08
   2.9000000e-09   1.2400000e-08
   2.8000000e-09   1.2400000e-08
   2.7000000e-09   1.2400000e-08
   2.6000000e-09   1.2400000e-08
   2.5000000e-09   1.2400000e-08
   2.5000000e-09   1.2300000e-08
   2.4000000e-09   1.2300000e-08
   2.3000000e-09   1.2300000e-08
   2.2000000e-09   1.2300000e-08
   2.1000000e-09   1.2300000e-08
   2.0000000e-09   1.2300000e-08
   2.0000000e-09   1.2200000e-08
   1.9000000e-09   1.2200000e-08
   1.8000000e-09   1.2200000e-08
   1.7000000e-09   1.2200000e-08
   1.6000000e-09   1.2200000e-08
   1.6000000e-09   1.2100000e-08
   1.5000000e-09   1.2100000e-08
   1.4000000e-09   1.2100000e-08
   1.3000000e-09   1.2100000e-08
   1.2000000e-09   1.2100000e-08
   1.1000000e-09   1.2100000e-08
   1.1000000e-09   1.2000000e-08
   1.0000000e-09   1.2000000e-08
   9.0000000e-10   1.2000000e-08
   8.0000000e-10   1.2000000e-08
   7.0000000e-10   1.2000000e-08
   7.0000000e-10   1.1900000e-08
   6.0000000e-10   1.1900000e-08
   5.0000000e-10   1.1900000e-08
   4.0000000e-10   1.1900000e-08
   3.0000000e-10   1.1900000e-08
   3.0000000e-10   1.1800000e-08
   2.0000000e-10   1.1800000e-08
   1.0000000e-10   1.1800000e-08
   0.0000000e+00   1.1800000e-08
  -1.0000000e-10   1.1800000e-08
  -2.0000000e-10   1.1800000e-08
  -2.0000000e-10   1.1700000e-08
  -3.0000000e-10   1.1700000e-08
  -4.0000000e-10   1.1700000e-08
  -5.0000000e-10   1.1700000e-08
  -6.0000000e-10   1.1700000e-08
  -6.0000000e-10   1.1600000e-08
  -7.0000000e-10   1.1600000e-08
  -8.0000000e-10   1.1600000e-08
  -9.0000000e-10   1.1600000e-08
  -1.0000000e-09   1.1600000e-08
  -1.1000000e-09   1.1600000e-08
  -1.1000000e-09   1.1500000e-08
  -1.2000000e-09   1.1500000e-08
  -1.3000000e-09   1.1500000e-08
  -1.4000000e-09   1.1500000e-08
  -1.5000000e-09   1.1500000e-08
  -1.5000000e-09   1.1400000e-08
  -1.6000000e-09   1.1400000e-08
  -1.7000000e-09   1.1400000e-08
  -1.8000000e-09   1.1400000e-08
  -1.9000000e-09   1.1400000e-08
  -1.9000000e-09   1.1300000e-08
  -2.0000000e-09   1.1300000e-08
  -2.1000000e-09   1.1300000e-08
  -2.2000000e-09   1.1300000e-08
  -2.3000000e-09   1.1300000e-08
  -2.4000000e-09   1.1300000e-08
  -2.4000000e-09   1.1200000e-08
  -2.5000000e-09   1.1200000e-08
  -2.6000000e-09   1.1200000e-08
  -2.7000000e-09   1.1200000e-08
  -2.8000000e-09   1.1200000e-08
  -2.8000000e-09   1.1100000e-08
  -2.9000000e-09   1.1100000e-08
  -3.0000000e-09   1.1100000e-08
  -3.1000000e-09   1.1100000e-08
  -3.2000000e-09   1.1100000e-08
  -3.3000000e-09   1.1100000e-08
  -3.3000000e-09   1.1000000e-08
  -3.4000000e-09   1.1000000e-08
  -3.5000000e-09   1.1000000e-08
  -3.6000000e-09   1.1000000e-08
  -3.7000000e-09   1.1000000e-08
  -3.7000000e-09   1.0900000e-08
  -3.8000000e-09   1.0900000e-08
  -3.9000000e-09   1.0900000e-08
  -4.0000000e-09   1.0900000e-08
  -4.1000000e-09   1.0900000e-08
  -4.1000000e-09   1.0800000e-08
  -4.2000000e-09   1.0800000e-08
  -4.3000000e-09   1.0800000e-08
  -4.4000000e-09   1.0800000e-08
  -4.5000000e-09   1.0800000e-08
  -4.6000000e-09   1.0800000e-08
  -4.6000000e-09   1.0700000e-08
  -4.7000000e-09   1.0700000e-08
  -4.8000000e-09   1.0700000e-08
  -4.9000000e-09   1.0700000e-08
  -5.0000000e-09   1.0700000e-08
  -5.0000000e-09   1.0600000e-08
  -5.1000000e-09   1.0600000e-08
  -5.2000000e-09   1.0600000e-08
  -5.3000000e-09   1.0600000e-08
  -5.4000000e-09   1.0600000e-08
  -5.5000000e-09   1.0600000e-08
  -5.5000000e-09   1.0500000e-08
  -5.6000000e-09   1.0500000e-08
  -5.7000000e-09   1.0500000e-08
  -5.8000000e-09   1.0500000e-08
  -5.9000000e-09   1.0500000e-08
  -5.9000000e-09   1.0400000e-08
  -6.0000000e-09   1.0400000e-08
  -6.1000000e-09   1.0400000e-08
  -6.2000000e-09   1.0400000e-08
  -6.3000000e-09   1.0400000e-08
  -6.3000000e-09   1.0300000e-08
  -6.4000000e-09   1.0300000e-08
  -6.5000000e-09   1.0300000e-08
  -6.6000000e-09   1.0300000e-08
  -6.7000000e-09   1.0300000e-08
  -6.8000000e-09   1.0300000e-08
  -6.8000000e-09   1.0200000e-08
  -6.9000000e-09   1.0200000e-08
  -7.0000000e-09   1.0200000e-08
  -7.1000000e-09   1.0200000e-08
  -7.2000000e-09   1.0200000e-08
  -7.2000000e-09   1.0100000e-08
  -7.3000000e-09   1.0100000e-08
  -7.4000000e-09   1.0100000e-08
  -7.5000000e-09   1.0100000e-08
  -7.6000000e-09   1.0100000e-08
  -7.7000000e-09   1.0100000e-08
  -7.7000000e-09   1.0000000e-08
  -7.8000000e-09   1.0000000e-08
  -7.9000000e-09   1.0000000e-08
  -8.0000000e-09   1.0000000e-08
  -8.1000000e-09   1.0000000e-08
  -8.1000000e-09   9.9000000e-09
  -8.2000000e-09   9.9000000e-09
  -8.3000000e-09   9.9000000e-09
  -8.4000000e-09   9.9000000e-09
  -8.5000000e-09   9.9000000e-09
  -8.5000000e-09   9.8000000e-09
  -8.6000000e-09   9.8000000e-09
  -8.7000000e-09   9.8000000e-09
  -8.8000000e-09   9.8000000e-09
  -8.9000000e-09   9.8000000e-09
  -9.0000000e-09   9.8000000e-09
  -9.0000000e-09   9.7000000e-09
  -9.1000000e-09   9.7000000e-09
  -9.2000000e-09   9.7000000e-09
  -9.3000000e-09   9.7000000e-09
  -9.4000000e-09   9.7000000e-09
  -9.4000000e-09   9.6000000e-09
  -9.5000000e-09   9.6000000e-09
  -9.6000000e-09   9.6000000e-09
  -9.7000000e-09   9.6000000e-09
  -9.8000000e-09   9.6000000e-09
  -9.9000000e-09   9.6000000e-09
  -9.9000000e-09   9.5000000e-09
  -1.0000000e-08   9.5000000e-09
  -1.0100000e-08   9.5000000e-09
  -1.0200000e-08   9.5000000e-09
  -1.0300000e-08   9.5000000e-09
  -1.0300000e-08   9.4000000e-09
  -1.0400000e-08   9.4000000e-09
  -1.0500000e-08   9.4000000e-09
  -1.0600000e-08   9.4000000e-09
  -1.0700000e-08   9.4000000e-09
  -1.0700000e-08   9.3000000e-09
  -1.0800000e-08   9.3000000e-09
  -1.0900000e-08   9.3000000e-09
  -1.1000000e-08   9.3000000e-09
  -1.1100000e-08   9.3000000e-09
  -1.1200000e-08   9.3000000e-09
  -1.1200000e-08   9.2000000e-09
  -1.1300000e-08   9.2000000e-09
  -1.1400000e-08   9.2000000e-09
  -1.1500000e-08   9.2000000e-09
  -1.1600000e-08   9.2000000e-09
  -1.1600000e-08   9.1000000e-09
  -1.1700000e-08   9.1000000e-09
  -1.1800000e-08   9.1000000e-09
  -1.1900000e-08   9.1000000e-09
  -1.2000000e-08   9.1000000e-09
  -1.2100000e-08   9.1000000e-09
  -1.2100000e-08   9.0000000e-09
  -1.2200000e-08   9.0000000e-09
  -1.2300000e-08   9.0000000e-09
  -1.2400000e-08   9.0000000e-09
  -1.2500000e-08   9.0000000e-09
  -1.2500000e-08   8.9000000e-09
  -1.2600000e-08   8.9000000e-09
  -1.2700000e-08   8.9000000e-09
  -1.2800000e-08   8.9000000e-09
  -1.2900000e-08   8.9000000e-09
  -1.2900000e-08   8.8000000e-09
  -1.3000000e-08   8.8000000e-09
  -1.3100000e-08   8.8000000e-09
  -1.3200000e-08   8.8000000e-09
  -1.3300000e-08   8.8000000e-09
  -1.3400000e-08   8.8000000e-09
  -1.3400000e-08   8.7000000e-09
  -1.3500000e-08   8.7000000e-09
  -1.3600000e-08   8.7000000e-09
  -1.3700000e-08   8.7000000e-09
  -1.3800000e-08   8.7000000e-09
  -1.3800000e-08   8.6000000e-09
  -1.3900000e-08   8.6000000e-09
  -1.4000000e-08   8.6000000e-09
  -1.4100000e-08   8.6000000e-09
  -1.4200000e-08   8.6000000e-09
  -1.4300000e-08   8.6000000e-09
  -1.4300000e-08   8.5000000e-09
  -1.4400000e-08   8.5000000e-09
  -1.4500000e-08   8.5000000e-09
  -1.4600000e-08   8.5000000e-09
  -1.4700000e-08   8.5000000e-09
  -1.4700000e-08   8.4000000e-09
  -1.4800000e-08   8.4000000e-09
  -1.4900000e-08   8.4000000e-09
  -1.5000000e-08   8.4000000e-09
  -1.5100000e-08   8.4000000e-09
  -1.5100000e-08   8.3000000e-09
  -1.5200000e-08   8.3000000e-09
  -1.5300000e-08   8.3000000e-09
  -1.5400000e-08   8.3000000e-09
  -1.5500000e-08   8.3000000e-09
  -1.5600000e-08   8.3000000e-09
  -1.5600000e-08   8.2000000e-09
  -1.5700000e-08   8.2000000e-09
  -1.5800000e-08   8.2000000e-09
  -1.5900000e-08   8.2000000e-09
  -1.6000000e-08   8.2000000e-09
  -1.6000000e-08   8.1000000e-09
  -1.6100000e-08   8.1000000e-09
  -1.6200000e-08   8.1000000e-09
  -1.6300000e-08   8.1000000e-09
  -1.6400000e-08   8.1000000e-09
  -1.6500000e-08   8.1000000e-09
  -1.6500000e-08   8.0000000e-09
  -1.6600000e-08   8.0000000e-09
  -1.6700000e-08   8.0000000e-09
  -1.6800000e-08   8.0000000e-09
  -1.6900000e-08   8.0000000e-09
  -1.6900000e-08   7.9000000e-09
  -1.7000000e-08   7.9000000e-09
  -1.7100000e-08   7.9000000e-09
  -1.7200000e-08   7.9000000e-09
  -1.7300000e-08   7.9000000e-09
  -1.7300000e-08   7.8000000e-09
  -1.7400000e-08   7.8000000e-09
  -1.7500000e-08   7.8000000e-09
  -1.7600000e-08   7.8000000e-09
  -1.7700000e-08   7.8000000e-09
  -1.7800000e-08   7.8000000e-09
  -1.7800000e-08   7.7000000e-09
  -1.7900000e-08   7.7000000e-09
  -1.8000000e-08   7.7000000e-09
  -1.8100000e-08   7.7000000e-09
  -1.8200000e-08   7.7000000e-09
  -1.8200000e-08   7.6000000e-09
  -1.8300000e-08   7.6000000e-09
  -1.8400000e-08   7.6000000e-09
  -1.8500000e-08   7.6000000e-09
  -1.8600000e-08   7.6000000e-09
  -1.8700000e-08   7.6000000e-09
  -1.8700000e-08   7.5000000e-09
  -1.8800000e-08   7.5000000e-09
  -1.8900000e-08   7.5000000e-09
  -1.9000000e-08   7.5000000e-09
  -1.9100000e-08   7.5000000e-09
  -1.9100000e-08   7.4000000e-09
  -1.9200000e-08   7.4000000e-09
  -1.9300000e-08   7.4000000e-09
  -1.9400000e-08   7.4000000e-09
  -1.9500000e-08   7.4000000e-09
  -1.9500000e-08   7.3000000e-09
  -1.9600000e-08   7.3000000e-09
  -1.9700000e-08   7.3000000e-09
  -1.9800000e-08   7.3000000e-09
  -1.9900000e-08   7.3000000e-09
  -2.0000000e-08   7.3000000e-09
  -2.0000000e-08   7.2000000e-09
  -2.0100000e-08   7.2000000e-09
  -2.0200000e-08   7.2000000e-09
  -2.0300000e-08   7.2000000e-09
  -2.0400000e-08   7.2000000e-09
  -2.0400000e-08   7.1000000e-09
  -2.0500000e-08   7.1000000e-09
  -2.0600000e-08   7.1000000e-09
  -2.0700000e-08   7.1000000e-09
  -2.0800000e-08   7.1000000e-09
  -2.0900000e-08   7.1000000e-09
  -2.0900000e-08   7.0000000e-09
  -2.1000000e-08   7.0000000e-09
  -2.1100000e-08   7.0000000e-09
  -2.1200000e-08   7.0000000e-09
  -2.1300000e-08   7.0000000e-09
  -2.1300000e-08   6.9000000e-09
  -2.1400000e-08   6.9000000e-09
  -2.1500000e-08   6.9000000e-09
  -2.1600000e-08   6.9000000e-09
  -2.1700000e-08   6.9000000e-09
  -2.1700000e-08   6.8000000e-09
  -2.1800000e-08   6.8000000e-09
  -2.1900000e-08   6.8000000e-09
  -2.2000000e-08   6.8000000e-09
  -2.2100000e-08   6.8000000e-09
  -2.2200000e-08   6.8000000e-09
  -2.2200000e-08   6.7000000e-09
  -2.2300000e-08   6.7000000e-09
  -2.2400000e-08   6.7000000e-09
  -2.2500000e-08   6.7000000e-09
  -2.2600000e-08   6.7000000e-09
  -2.2600000e-08   6.6000000e-09
  -2.2700000e-08   6.6000000e-09
  -2.2800000e-08   6.6000000e-09
  -2.2900000e-08   6.6000000e-09
  -2.3000000e-08   6.6000000e-09
  -2.3100000e-08   6.6000000e-09
  -2.3100000e-08   6.5000000e-09
  -2.3200000e-08   6.5000000e-09
  -2.3300000e-08   6.5000000e-09
  -2.3400000e-08   6.5000000e-09
  -2.3500000e-08   6.5000000e-09
  -2.3500000e-08   6.4000000e-09
  -2.3600000e-08   6.4000000e-09
  -2.3700000e-08   6.4000000e-09
  -2.3800000e-08   6.4000000e-09
  -2.3900000e-08   6.4000000e-09
  -2.3900000e-08   6.3000000e-09
  -2.4000000e-08   6.3000000e-09
  -2.4100000e-08   6.3000000e-09
  -2.4200000e-08   6.3000000e-09
  -2.4300000e-08   6.3000000e-09
  -2.4400000e-08   6.3000000e-09
  -2.4400000e-08   6.2000000e-09
  -2.4500000e-08   6.2000000e-09
  -2.4600000e-08   6.2000000e-09
  -2.4700000e-08   6.2000000e-09
  -2.4800000e-08   6.2000000e-09
  -2.4800000e-08   6.1000000e-09
  -2.4900000e-08   6.1000000e-09
  -2.5000000e-08   6.1000000e-09
  -2.5100000e-08   6.1000000e-09
  -2.5200000e-08   6.1000000e-09
  -2.5300000e-08   6.1000000e-09
  -2.5300000e-08   6.0000000e-09
  -2.5400000e-08   6.0000000e-09
  -2.5500000e-08   6.0000000e-09
  -2.5600000e-08   6.0000000e-09
  -2.5700000e-08   6.0000000e-09
  -2.5700000e-08   5.9000000e-09
  -2.5800000e-08   5.9000000e-09
  -2.5900000e-08   5.9000000e-09
  -2.6000000e-08   5.9000000e-09
  -2.6100000e-08   5.9000000e-09
  -2.6100000e-08   5.8000000e-09
  -2.6200000e-08   5.8000000e-09
  -2.6300000e-08   5.8000000e-09
  -2.6400000e-08   5.8000000e-09
  -2.6500000e-08   5.8000000e-09
  -2.6600000e-08   5.8000000e-09
  -2.6600000e-08   5.7000000e-09
  -2.6700000e-08   5.7000000e-09
  -2.6800000e-08   5.7000000e-09
  -2.6900000e-08   5.7000000e-09
  -2.7000000e-08   5.7000000e-09
  -2.7000000e-08   5.6000000e-09
  -2.7100000e-08   5.6000000e-09
  -2.7200000e-08   5.6000000e-09
  -2.7300000e-08   5.6000000e-09
  -2.7400000e-08   5.6000000e-09
  -2.7500000e-08   5.6000000e-09
  -2.7500000e-08   5.5000000e-09
  -2.7600000e-08   5.5000000e-09
  -2.7700000e-08   5.5000000e-09
  -2.7800000e-08   5.5000000e-09
  -2.7900000e-08   5.5000000e-09
  -2.7900000e-08   5.4000000e-09
  -2.8000000e-08   5.4000000e-09
  -2.8100000e-08   5.4000000e-09
  -2.8200000e-08   5.4000000e-09
  -2.8300000e-08   5.4000000e-09
  -2.8300000e-08   5.3000000e-09
  -2.8400000e-08   5.3000000e-09
  -2.8500000e-08   5.3000000e-09
  -2.8600000e-08   5.3000000e-09
  -2.8700000e-08   5.3000000e-09
  -2.8800000e-08   5.3000000e-09
  -2.8800000e-08   5.2000000e-09
  -2.8900000e-08   5.2000000e-09
  -2.9000000e-08   5.2000000e-09
  -2.9100000e-08   5.2000000e-09
  -2.9200000e-08   5.2000000e-09
  -2.9200000e-08   5.1000000e-09
  -2.9300000e-08   5.1000000e-09
  -2.9400000e-08   5.1000000e-09
  -2.9500000e-08   5.1000000e-09
  -2.9600000e-08   5.1000000e-09
  -2.9700000e-08   5.1000000e-09
  -2.9700000e-08   5.0000000e-09
  -2.9800000e-08   5.0000000e-09
  -2.9900000e-08   5.0000000e-09
  -3.0000000e-08   5.0000000e-09
  -3.0100000e-08   5.0000000e-09
  -3.0100000e-08   4.9000000e-09
  -3.0200000e-08   4.9000000e-09
  -3.0300000e-08   4.9000000e-09
  -3.0400000e-08   4.9000000e-09
  -3.0500000e-08   4.9000000e-09
  -3.0500000e-08   4.8000000e-09
  -3.0600000e-08   4.8000000e-09
  -3.0700000e-08   4.8000000e-09
  -3.0800000e-08   4.8000000e-09
  -3.0900000e-08   4.8000000e-09
  -3.1000000e-08   4.8000000e-09
  -3.1000000e-08   4.7000000e-09
  -3.1100000e-08   4.7000000e-09
  -3.1200000e-08   4.7000000e-09
  -3.1300000e-08   4.7000000e-09
  -3.1400000e-08   4.7000000e-09
  -3.1400000e-08   4.6000000e-09
  -3.1500000e-08   4.6000000e-09
  -3.1600000e-08   4.6000000e-09
  -3.1700000e-08   4.6000000e-09
  -3.1800000e-08   4.6000000e-09
  -3.1900000e-08   4.6000000e-09
  -3.1900000e-08   4.5000000e-09
  -3.2000000e-08   4.5000000e-09
  -3.2100000e-08   4.5000000e-09
  -3.2200000e-08   4.5000000e-09
  -3.2300000e-08   4.5000000e-09
  -3.2300000e-08   4.4000000e-09
  -3.2400000e-08   4.4000000e-09
  -3.2500000e-08   4.4000000e-09
  -3.2600000e-08   4.4000000e-09
  -3.2700000e-08   4.4000000e-09
  -3.2700000e-08   4.3000000e-09
  -3.2800000e-08   4.3000000e-09
  -3.2900000e-08   4.3000000e-09
  -3.3000000e-08   4.3000000e-09
  -3.3100000e-08   4.3000000e-09
  -3.3200000e-08   4.3000000e-09
  -3.3200000e-08   4.2000000e-09
  -3.3300000e-08   4.2000000e-09
  -3.3400000e-08   4.2000000e-09
  -3.3500000e-08   4.2000000e-09
  -3.3600000e-08   4.2000000e-09
  -3.3600000e-08   4.1000000e-09
  -3.3700000e-08   4.1000000e-09
  -3.3800000e-08   4.1000000e-09
  -3.3900000e-08   4.1000000e-09
  -3.4000000e-08   4.1000000e-09
  -3.4000000e-08   4.0000000e-09
  -3.4000000e-08   3.9000000e-09
  -3.4000000e-08   3.8000000e-09
  -3.4000000e-08   3.7000000e-09
  -3.4000000e-08   3.6000000e-09
  -3.4000000e-08   3.5000000e-09
  -3.4000000e-08   3.4000000e-09
  -3.4000000e-08   3.3000000e-09
  -3.4000000e-08   3.2000000e-09
  -3.4000000e-08   3.1000000e-09
  -3.4000000e-08   3.0000000e-09
  -3.4000000e-08   2.9000000e-09
  -3.4000000e-08   2.8000000e-09
  -3.4000000e-08   2.7000000e-09
  -3.4000000e-08   2.6000000e-09
  -3.4000000e-08   2.5000000e-09
  -3.4000000e-08   2.4000000e-09
  -3.4000000e-08   2.3000000e-09
  -3.4000000e-08   2.2000000e-09
  -3.4000000e-08   2.1000000e-09
  -3.4000000e-08   2.0000000e-09
  -3.4000000e-08   1.9000000e-09
  -3.4000000e-08   1.8000000e-09
  -3.4000000e-08   1.7000000e-09
  -3.4000000e-08   1.6000000e-09
  -3.4000000e-08   1.5000000e-09
  -3.4000000e-08   1.4000000e-09
  -3.4000000e-08   1.3000000e-09
  -3.4000000e-08   1.2000000e-09
  -3.4000000e-08   1.1000000e-09
  -3.4000000e-08   1.0000000e-09
  -3.4000000e-08   9.0000000e-10
  -3.4000000e-08   8.0000000e-10
  -3.4000000e-08   7.0000000e-10
  -3.4000000e-08   6.0000000e-10
  -3.4000000e-08   5.0000000e-10
  -3.4000000e-08   4.0000000e-10
  -3.4000000e-08   3.0000000e-10
  -3.4000000e-08   2.0000000e-10
  -3.4000000e-08   1.0000000e-10
